10
10
5238.12
21.853
533428.122
29421.835
6781342
4111777
4294967296
4294347296
1844434309493974784
8245674404793974784
5238.12
21.853
533428.122
29421.835
323232342
1111777
4294967296
4294967296
1844674404793974784
1844674404793974784
5238.12
21.853
533428.122
29421.835
323232342
1111777
4294967296
4294967296
1844674404793974784
1844674404793974784
5238.12
21.853
533428.122
29421.835
323232342
1111777
4294967296
4294967296
1844674404793974784
1844674404793974784
5238.12
21.853
533428.122
29421.835
323232342
1111777
4294967296
4294967296
1844674404793974784
1844674404793974784
5238.12
21.853
533428.122
29421.835
323232342
1111777
4294967296
4294967296
1844674404793974784
1844674404793974784
5238.12
21.853
533428.122
29421.835
323232342
1111777
4294967296
4294967296
1844674404793974784
1844674404793974784
5238.12
21.853
533428.122
29421.835
323232342
1111777
4294967296
4294967296
1844674404793974784
1844674404793974784
5238.12
21.853
533428.122
29421.835
323232342
1111777
4294967296
4294967296
1844674404793974784
1844674404793974784
5238.12
21.853
533428.122
29421.835
323232342
1111777
4294967296
4294967296
1844674404793974784
1844674404793974784